1
-1 35.0 35.0 233.0 475.609375 7
1 1 58.0 70.0553207397461 1000000.0 1000000.0 4
12 19 50.0 35.0 1
9 16 55.0 60.0 1
3 13 55.0 45.0 1
1 10 41.0 49.0 1
1 1 38.0 71.0259017944336 1000000.0 1000000.0 3
11 12 20.0 65.0 1
19 17 15.0 60.0 1
20 9 45.0 65.0 1
1 1 47.0 55.373191833496094 1000000.0 1000000.0 3
5 26 15.0 30.0 1
7 5 20.0 50.0 1
10 16 30.0 60.0 1
1 1 37.0 93.60977172851562 1000000.0 1000000.0 4
14 20 15.0 10.0 1
18 12 20.0 40.0 1
6 3 25.0 30.0 1
17 2 5.0 30.0 1
1 1 7.0 80.97662353515625 1000000.0 1000000.0 3
2 -7 35.0 17.0 1
8 -9 10.0 43.0 1
13 23 30.0 25.0 1
1 1 38.0 74.1547622680664 1000000.0 1000000.0 2
16 19 10.0 20.0 1
4 19 55.0 20.0 1
1 1 8.0 30.4138126373291 1000000.0 1000000.0 1
15 8 30.0 5.0 1
