1	1	78	60	4	96	106	10
2	0	59	21	10	88	98	10
3	0	91	62	9	52	62	10
4	0	56	79	14	95	105	10
5	0	76	48	18	140	150	10
6	0	3	90	2	136	146	10
7	0	11	61	6	130	140	10
8	0	69	66	7	101	111	10
9	0	73	48	18	200	210	10
10	0	30	49	28	18	28	10
11	0	23	2	3	162	172	10
12	0	3	2	13	76	86	10
13	1	89	18	19	58	68	10
14	0	11	41	10	34	44	10
15	0	66	99	9	73	83	10
16	0	3	30	20	51	61	10
17	0	52	48	25	127	137	10
18	0	22	1	25	83	93	10
19	0	15	81	36	142	152	10
20	1	55	2	6	50	60	10
21	0	20	7	5	182	192	10
22	0	67	37	15	77	87	10
23	1	22	5	25	35	45	10
24	0	29	33	9	78	88	10
25	0	38	34	8	149	159	10
26	0	60	58	18	69	79	10
27	0	7	25	13	73	83	10
28	0	88	7	14	179	189	10
29	0	57	77	3	96	106	10
30	0	48	4	23	92	102	10
31	0	90	7	6	182	192	10
32	0	32	30	26	94	104	10
33	0	93	88	16	55	65	10
34	0	89	48	11	44	54	10
35	0	89	1	7	101	111	10
36	1	7	35	41	91	101	10
37	0	46	65	35	94	104	10
38	0	77	73	26	93	103	10
39	0	52	52	9	74	84	10
40	0	51	36	15	176	186	10
41	0	62	46	3	95	105	10
42	0	19	2	1	160	170	10
43	1	49	72	2	18	28	10
44	0	97	36	22	188	198	10
45	0	45	45	27	100	110	10
46	0	63	79	20	39	49	10
47	1	11	54	11	135	145	10
48	0	27	78	12	133	143	10
49	0	25	50	10	58	68	10
50	0	74	98	9	83	93	10
51	0	20	42	17	185	195	10
52	0	71	51	10	88	98	10
53	1	70	65	9	0	208	10
54	0	61	81	14	95	105	10
55	0	46	45	18	140	150	10
56	1	58	44	2	136	146	10
57	0	49	98	6	130	140	10
58	0	49	12	7	101	111	10
59	0	36	7	18	200	210	10
60	0	20	54	28	0	202	10
61	0	48	8	3	162	172	10
62	0	14	13	13	76	86	10
63	0	56	24	19	58	68	10
64	0	42	35	10	34	44	10
65	0	34	93	9	73	83	10
66	0	51	73	20	51	61	10
67	1	77	9	25	127	137	10
68	0	65	8	25	83	93	10
69	0	67	36	36	142	152	10
70	0	8	31	6	50	60	10
71	0	15	11	5	182	192	10
72	0	34	12	15	77	87	10
73	0	67	93	25	0	197	10
74	0	57	5	9	78	88	10
75	1	20	80	8	149	159	10
76	0	6	12	18	0	192	10
77	0	25	40	13	73	83	10
78	0	21	68	14	179	189	10
79	0	16	90	3	96	106	10
80	0	93	50	23	92	102	10
81	0	69	62	6	182	192	10
82	0	57	83	26	94	104	10
83	0	91	97	16	0	196	10
84	0	71	53	11	0	198	10
85	0	78	95	7	101	111	10
86	0	72	79	41	0	196	10
87	0	30	66	35	94	104	10
88	0	29	84	26	93	103	10
89	1	46	20	9	74	84	10
90	0	10	93	15	176	186	10
91	0	12	29	3	95	105	10
92	0	69	52	1	0	194	10
93	0	94	3	2	18	28	10
94	0	70	96	22	188	198	10
95	0	45	10	27	0	207	10
96	0	59	61	20	0	205	10
97	0	39	91	11	0	204	10
98	0	90	27	12	133	143	10
99	0	55	88	10	0	198	10
100	0	35	19	9	83	93	10
101	0	3	48	17	185	195	10
102	0	67	71	10	0	193	10
103	0	26	14	9	0	208	10
104	0	52	90	14	95	105	10
105	1	77	55	18	0	197	10
106	0	39	39	2	136	146	10
107	0	88	79	6	130	140	10
108	0	85	100	7	0	196	10
109	0	41	45	18	200	210	10
110	0	6	35	28	0	202	10
111	0	58	33	3	0	201	10
112	0	81	92	13	0	194	10
113	0	20	99	19	58	68	10
114	0	13	90	10	0	185	10
115	0	27	50	9	73	83	10
116	0	63	28	20	51	61	10
117	0	6	88	25	127	137	10
118	0	71	39	25	83	93	10
119	0	100	45	36	142	152	10
120	0	75	48	6	50	60	10
121	0	16	63	5	182	192	10
122	0	37	52	15	0	180	10
123	0	85	42	25	0	197	10
124	0	92	72	9	0	199	10
125	0	8	2	8	149	159	10
126	0	38	12	18	0	192	10
127	0	33	93	13	73	83	10
128	0	65	54	14	179	189	10
129	0	47	95	3	96	106	10
130	0	50	45	23	92	102	10
131	0	24	40	6	182	192	10
132	1	25	89	26	0	192	10
133	0	15	93	16	0	196	10
134	0	23	43	11	0	198	10
135	0	11	38	7	101	111	10
136	0	35	65	41	0	196	10
137	0	80	96	35	0	184	10
138	0	59	89	26	93	103	10
139	0	3	20	9	74	84	10
140	0	91	71	15	0	211	10
141	0	6	98	3	0	187	10
142	0	36	39	1	0	194	10
143	0	11	11	2	18	28	10
144	0	75	49	22	188	198	10
145	0	18	85	27	0	207	10
146	0	88	53	20	0	205	10
147	1	29	2	11	0	204	10
148	0	52	98	12	0	202	10
149	0	19	33	10	0	198	10
150	0	27	70	9	83	93	10
151	0	81	60	17	185	195	10
152	0	28	34	10	0	193	10
153	0	49	94	9	0	208	10
154	1	25	4	14	95	105	10
155	0	6	99	18	0	197	10
156	0	46	87	2	136	146	10
157	0	3	44	6	0	190	10
158	1	36	19	7	0	196	10
159	0	95	99	18	200	210	10
160	0	42	61	28	0	202	10
161	0	95	22	3	0	201	10
162	0	76	61	13	0	194	10
163	0	85	68	19	58	68	10
164	0	41	39	10	0	185	10
165	0	69	60	9	0	173	10
166	0	46	35	20	0	170	10
167	0	96	63	25	0	179	10
168	0	16	34	25	83	93	10
169	0	65	82	36	0	198	10
170	1	13	39	6	50	60	10
171	0	17	56	5	0	198	10
172	0	83	96	15	0	180	10
173	0	34	39	25	0	197	10
174	0	32	40	9	0	199	10
175	0	51	52	8	149	159	10
176	0	56	67	18	0	192	10
177	1	1	6	13	73	83	10
178	0	25	24	14	179	189	10
179	0	99	56	3	0	188	10
180	0	47	84	23	92	102	10
181	0	79	20	6	0	198	10
182	0	9	80	26	0	192	10
183	0	1	88	16	0	196	10
184	0	20	36	11	0	198	10
185	0	32	76	7	101	111	10
186	0	68	22	41	0	196	10
187	1	25	52	35	0	184	10
188	0	89	66	26	93	103	10
189	0	93	70	9	0	200	10
190	0	84	77	15	0	211	10
191	0	7	56	3	0	187	10
192	0	72	28	1	0	194	10
193	0	22	85	2	18	28	10
194	0	12	7	22	0	199	10
195	0	39	73	27	0	207	10
196	0	91	91	20	0	205	10
197	0	26	40	11	0	204	10
198	0	5	75	12	0	202	10
199	0	6	63	10	0	198	10
200	0	27	93	9	83	93	10
201	1	19	78	17	185	195	10
202	0	95	71	10	78	108	10
203	0	80	39	9	42	72	10
204	0	16	47	14	85	115	10
205	0	38	39	18	130	160	10
206	0	12	94	2	126	156	10
207	0	55	83	6	120	150	10
208	0	6	93	7	91	121	10
209	0	7	5	18	180	210	10
210	0	71	79	28	17	47	10
211	0	37	14	3	152	182	10
212	1	55	7	13	66	96	10
213	0	50	39	19	48	78	10
214	0	87	78	10	34	64	10
215	0	84	6	9	63	93	10
216	0	83	51	20	49	79	10
217	0	55	75	25	117	147	10
218	0	61	90	25	73	103	10
219	0	94	54	36	132	162	10
220	0	77	81	6	40	70	10
221	0	90	19	5	168	198	10
222	0	2	43	15	67	97	10
223	0	46	92	25	25	55	10
224	0	37	100	9	68	98	10
225	0	67	100	8	139	169	10
226	0	2	18	18	59	89	10
227	0	86	59	13	63	93	10
228	0	82	65	14	169	199	10
229	0	51	21	3	86	116	10
230	1	70	32	23	82	112	10
231	0	68	18	6	168	198	10
232	0	100	38	26	84	114	10
233	0	32	47	16	45	75	10
234	0	98	71	11	34	64	10
235	0	43	56	7	91	121	10
236	0	48	94	41	81	111	10
237	0	32	57	35	84	114	10
238	0	97	62	26	83	113	10
239	0	97	30	9	64	94	10
240	0	7	73	15	166	196	10
241	0	74	89	3	85	115	10
242	1	68	9	1	150	180	10
243	0	43	78	2	18	48	10
244	1	81	88	22	169	199	10
245	0	94	79	27	90	120	10
246	0	31	72	20	29	59	10
247	0	56	92	11	125	155	10
248	0	50	66	12	123	153	10
249	0	4	56	10	48	78	10
250	0	99	92	9	73	103	10
251	1	63	56	17	165	195	10
252	0	68	3	10	78	108	10
253	0	9	31	9	0	208	10
254	0	8	77	14	85	115	10
255	0	87	33	18	130	160	10
256	0	20	24	2	126	156	10
257	0	66	81	6	120	150	10
258	0	93	26	7	91	121	10
259	0	27	28	18	180	210	10
260	0	21	83	28	0	202	10
261	0	6	94	3	152	182	10
262	0	10	15	13	66	96	10
263	0	7	4	19	48	78	10
264	1	67	65	10	34	64	10
265	0	90	55	9	63	93	10
266	0	19	20	20	49	79	10
267	0	56	57	25	117	147	10
268	0	36	9	25	73	103	10
269	0	28	93	36	132	162	10
270	0	6	1	6	40	70	10
271	0	55	22	5	168	198	10
272	0	42	53	15	67	97	10
273	0	41	72	25	0	197	10
274	0	62	30	9	68	98	10
275	0	19	51	8	139	169	10
276	0	34	47	18	0	192	10
277	0	76	32	13	63	93	10
278	0	9	71	14	169	199	10
279	0	43	22	3	86	116	10
280	0	51	4	23	82	112	10
281	0	69	83	6	168	198	10
282	1	76	10	26	84	114	10
283	0	84	12	16	0	196	10
284	0	17	3	11	0	198	10
285	1	61	45	7	91	121	10
286	0	24	36	41	0	196	10
287	0	5	8	35	84	114	10
288	0	2	46	26	83	113	10
289	0	60	44	9	64	94	10
290	0	27	67	15	166	196	10
291	0	64	81	3	85	115	10
292	0	15	65	1	0	194	10
293	0	55	48	2	18	48	10
294	1	94	33	22	169	199	10
295	0	49	99	27	0	207	10
296	0	60	71	20	0	205	10
297	0	84	67	11	0	204	10
298	0	50	4	12	123	153	10
299	0	71	96	10	0	198	10
300	0	37	62	9	73	103	10
301	0	40	87	17	165	195	10
302	0	58	70	10	0	193	10
303	0	3	86	9	0	208	10
304	0	92	79	14	85	115	10
305	0	46	68	18	0	197	10
306	0	98	74	2	126	156	10
307	0	66	36	6	120	150	10
308	0	21	7	7	0	196	10
309	0	58	86	18	180	210	10
310	0	92	83	28	0	202	10
311	0	71	76	3	0	201	10
312	0	19	34	13	0	194	10
313	0	38	21	19	48	78	10
314	0	86	29	10	0	185	10
315	0	6	72	9	63	93	10
316	0	84	52	20	49	79	10
317	0	61	3	25	117	147	10
318	0	67	80	25	73	103	10
319	0	77	43	36	132	162	10
320	0	66	12	6	40	70	10
321	0	85	3	5	168	198	10
322	0	49	25	15	0	180	10
323	0	96	22	25	0	197	10
324	0	71	33	9	0	199	10
325	0	62	74	8	139	169	10
326	0	93	93	18	0	192	10
327	0	19	80	13	63	93	10
328	0	12	50	14	169	199	10
329	0	100	67	3	86	116	10
330	0	88	4	23	82	112	10
331	1	38	92	6	168	198	10
332	0	8	25	26	0	192	10
333	0	82	68	16	0	196	10
334	0	73	29	11	0	198	10
335	0	17	49	7	91	121	10
336	0	39	97	41	0	196	10
337	0	27	93	35	0	184	10
338	0	18	75	26	83	113	10
339	1	84	33	9	64	94	10
340	0	48	89	15	0	211	10
341	0	4	31	3	0	187	10
342	1	50	18	1	0	194	10
343	0	65	29	2	18	48	10
344	0	86	62	22	169	199	10
345	0	99	35	27	0	207	10
346	0	24	33	20	0	205	10
347	0	81	91	11	0	204	10
348	0	23	21	12	0	202	10
349	0	22	43	10	0	198	10
350	0	59	67	9	73	103	10
351	0	78	65	17	165	195	10
352	0	92	69	10	0	193	10
353	0	81	72	9	0	208	10
354	0	5	96	14	85	115	10
355	0	24	52	18	0	197	10
356	0	96	8	2	126	156	10
357	0	88	62	6	0	190	10
358	0	76	5	7	0	196	10
359	0	44	24	18	180	210	10
360	0	53	100	28	0	202	10
361	0	27	61	3	0	201	10
362	0	26	6	13	0	194	10
363	0	8	96	19	48	78	10
364	0	5	69	10	0	185	10
365	0	66	77	9	0	173	10
366	0	70	34	20	0	170	10
367	0	74	39	25	0	179	10
368	0	66	53	25	73	103	10
369	0	22	61	36	0	198	10
370	0	70	66	6	40	70	10
371	0	73	47	5	0	198	10
372	0	22	12	15	0	180	10
373	0	78	58	25	0	197	10
374	0	50	84	9	0	199	10
375	0	52	59	8	139	169	10
376	0	85	83	18	0	192	10
377	0	40	90	13	63	93	10
378	0	85	4	14	169	199	10
379	0	59	20	3	0	188	10
380	0	93	82	23	82	112	10
381	0	57	5	6	0	198	10
382	0	17	56	26	0	192	10
383	0	84	3	16	0	196	10
384	0	65	61	11	0	198	10
385	0	86	68	7	91	121	10
386	0	38	14	41	0	196	10
387	0	50	74	35	0	184	10
388	0	96	11	26	83	113	10
389	1	99	100	9	0	200	10
390	0	12	76	15	0	211	10
391	0	49	9	3	0	187	10
392	0	17	17	1	0	194	10
393	1	54	73	2	18	48	10
394	0	58	92	22	0	199	10
395	0	32	62	27	0	207	10
396	0	87	65	20	0	205	10
397	0	5	53	11	0	204	10
398	0	70	46	12	0	202	10
399	0	49	82	10	0	198	10
400	0	54	93	9	73	103	10
401	0	71	88	17	165	195	10
402	0	95	82	10	64	121	10
403	1	36	79	9	26	87	10
404	0	51	99	14	75	124	10
405	0	41	55	18	118	171	10
406	0	64	89	2	111	170	10
407	0	57	43	6	106	163	10
408	0	46	94	7	77	134	10
409	0	49	51	18	147	210	10
410	0	63	26	28	17	100	10
411	0	91	11	3	134	199	10
412	0	51	6	13	55	106	10
413	1	80	30	19	30	95	10
414	0	62	5	10	34	103	10
415	0	71	84	9	48	107	10
416	0	64	36	20	49	113	10
417	0	37	4	25	104	159	10
418	0	92	17	25	59	116	10
419	0	74	91	36	117	176	10
420	0	80	62	6	23	86	10
421	0	56	79	5	123	198	10
422	1	71	17	15	54	109	10
423	0	60	12	25	22	96	10
424	1	34	96	9	56	109	10
425	0	68	49	8	123	184	10
426	0	80	47	18	45	102	10
427	0	60	42	13	52	103	10
428	0	10	83	14	136	200	10
429	0	14	36	3	71	130	10
430	0	91	22	23	72	121	10
431	0	17	26	6	135	198	10
432	0	86	64	26	78	119	10
433	0	10	88	16	29	90	10
434	0	41	56	11	21	89	10
435	0	72	31	7	81	130	10
436	0	41	71	41	70	121	10
437	1	58	14	35	74	123	10
438	0	61	42	26	79	116	10
439	0	6	59	9	50	107	10
440	0	3	65	15	139	211	10
441	0	16	82	3	73	126	10
442	0	53	84	1	132	194	10
443	1	28	17	2	18	88	10
444	0	53	63	22	129	199	10
445	0	3	57	27	81	128	10
446	0	14	73	20	14	78	10
447	0	15	34	11	114	165	10
448	0	73	39	12	115	160	10
449	0	74	96	10	32	93	10
450	0	14	20	9	60	115	10
451	0	97	4	17	123	195	10
452	0	54	84	10	66	119	10
453	1	24	89	9	25	88	10
454	0	23	35	14	62	137	10
455	0	3	11	18	121	168	10
456	0	38	33	2	70	189	10
457	0	59	52	6	81	188	10
458	0	86	53	7	78	133	10
459	1	44	88	18	79	210	10
460	0	31	96	28	17	123	10
461	0	5	66	3	130	201	10
462	0	53	21	13	59	102	10
463	0	55	39	19	25	164	10
464	0	43	11	10	34	112	10
465	0	78	75	9	46	165	10
466	1	49	21	20	49	170	10
467	0	82	6	25	77	179	10
468	0	100	55	25	43	150	10
469	1	92	23	36	82	198	10
470	0	10	52	6	12	142	10
471	0	24	84	5	21	198	10
472	1	87	68	15	57	106	10
473	0	27	48	25	22	110	10
474	0	49	60	9	60	105	10
475	0	21	91	8	73	195	10
476	0	56	34	18	46	101	10
477	0	41	26	13	36	119	10
478	0	91	18	14	65	200	10
479	0	91	81	3	43	158	10
480	1	74	16	23	58	135	10
481	0	34	58	6	69	198	10
482	0	46	56	26	87	110	10
483	0	20	17	16	28	91	10
484	1	24	97	11	21	97	10
485	0	65	20	7	68	143	10
486	0	36	38	41	74	117	10
487	0	4	82	35	79	118	10
488	0	60	26	26	84	111	10
489	0	13	48	9	24	133	10
490	0	71	25	15	128	211	10
491	0	34	62	3	76	123	10
492	0	6	74	1	130	194	10
493	0	92	84	2	18	181	10
494	0	75	2	22	41	199	10
495	1	38	8	27	88	121	10
496	0	8	80	20	14	83	10
497	0	14	66	11	119	160	10
498	0	67	11	12	122	153	10
499	0	67	6	10	32	93	10
500	1	34	52	9	38	137	10
	25						
	25						
