 X DISTANCE      Y DISTANCE    NUMBER OF NODES 						
  100.00            100.00       500							
 DEPOT X           DEPOT  Y							
   35.00              35.00    							
NODE	ST 	X    	Y     	DEMAND  EAR     LAT    SERVICE 			
1	1	78	60	4	29	59	10
2	0	59	21	1	117	127	10
3	0	91	62	1	0	184	10
4	0	26	49	1	117	127	10
5	0	76	48	1	107	137	10
6	0	3	65	1	0	184	10
7	0	11	61	5	41	51	10
8	0	69	66	5	41	51	10
9	0	73	48	5	41	71	10
10	0	30	49	5	0	178	10
11	0	23	2	5	41	51	10
12	0	3	2	35	74	123	10
13	1	89	18	35	0	184	10
14	0	11	11	35	84	114	10
15	0	66	99	35	0	184	10
16	0	3	30	35	79	118	10
17	0	52	48	16	83	93	10
18	0	22	1	16	83	93	10
19	0	15	81	16	83	93	10
20	1	55	2	16	83	93	10
21	0	20	7	16	73	103	10
22	0	27	37	2	157	167	10
23	1	22	5	2	157	167	10
24	0	29	33	2	157	167	10
25	0	38	34	2	147	177	10
26	0	60	58	2	0	189	10
27	0	7	25	16	0	190	10
28	0	48	7	16	29	59	10
29	0	57	37	16	32	42	10
30	0	48	4	16	32	42	10
31	0	30	7	16	32	42	10
32	0	32	30	30	108	118	10
33	0	93	88	30	108	118	10
34	0	89	48	30	0	176	10
35	0	89	1	30	108	118	10
36	1	7	35	30	98	128	10
37	0	46	65	27	0	185	10
38	0	77	73	27	0	185	10
39	0	52	52	27	51	61	10
40	0	51	36	27	51	61	10
41	0	62	46	27	41	71	10
42	0	19	2	19	65	95	10
43	1	49	72	19	75	85	10
44	0	97	36	19	75	85	10
45	0	45	45	19	0	190	10
46	0	63	79	19	0	190	10
47	1	11	54	9	85	115	10
48	0	27	78	9	95	105	10
49	0	25	50	9	95	105	10
50	0	74	98	9	95	105	10
51	0	20	42	9	95	105	10
52	0	71	51	18	69	79	10
53	1	70	65	18	69	79	10
54	0	61	81	18	69	79	10
55	0	46	45	18	69	79	10
56	1	58	44	18	59	89	10
57	0	49	98	7	91	121	10
58	0	49	12	7	91	121	10
59	0	36	7	7	68	143	10
60	0	20	54	7	81	130	10
61	0	48	8	7	91	121	10
62	0	14	13	13	66	96	10
63	0	56	24	13	55	106	10
64	0	42	35	13	0	194	10
65	0	34	93	13	0	194	10
66	0	51	73	13	59	102	10
67	1	77	9	36	0	192	10
68	0	65	8	36	165	175	10
69	0	67	36	36	0	192	10
70	0	8	31	36	0	192	10
71	0	15	11	36	155	185	10
72	0	34	12	11	0	198	10
73	0	67	93	11	21	89	10
74	0	57	5	11	21	97	10
75	1	20	80	11	0	198	10
76	0	6	12	11	0	198	10
77	0	25	40	20	32	42	10
78	0	21	68	20	0	187	10
79	0	16	30	20	32	42	10
80	0	93	50	20	32	62	10
81	0	69	62	20	0	187	10
82	0	57	83	1	0	194	10
83	0	91	97	1	132	194	10
84	0	71	53	1	130	194	10
85	0	78	95	1	0	194	10
86	0	72	79	1	0	194	10
87	0	30	66	26	34	44	10
88	0	29	84	26	0	199	10
89	1	46	20	26	0	199	10
90	0	10	45	26	24	54	10
91	0	12	29	26	0	199	10
92	0	69	52	16	0	196	10
93	0	94	3	16	0	196	10
94	0	70	96	16	28	91	10
95	0	45	10	16	29	90	10
96	0	59	61	16	0	196	10
97	0	39	91	17	76	86	10
98	0	90	27	17	0	187	10
99	0	55	88	17	66	96	10
100	0	35	19	17	0	187	10
101	0	3	48	17	76	86	10
102	0	67	71	9	0	173	10
103	0	26	14	9	63	93	10
104	0	52	90	9	48	107	10
105	1	77	55	9	63	93	10
106	0	39	39	9	46	165	10
107	0	88	79	41	0	196	10
108	0	85	100	41	74	117	10
109	0	41	45	41	0	196	10
110	0	6	35	41	70	121	10
111	0	58	33	41	0	196	10
112	0	81	92	3	0	201	10
113	0	20	99	3	0	201	10
114	0	13	90	3	152	182	10
115	0	27	50	3	130	201	10
116	0	63	28	3	134	199	10
117	0	6	88	17	123	195	10
118	0	71	39	17	165	195	10
119	0	100	45	17	28	195	10
120	0	75	48	17	165	195	10
121	0	16	63	17	165	195	10
122	0	37	52	22	169	199	10
123	0	85	42	22	0	199	10
124	0	92	72	22	169	199	10
125	0	8	2	22	41	199	10
126	0	38	12	22	129	199	10
127	0	33	93	10	0	198	10
128	0	65	54	10	32	93	10
129	0	47	95	10	32	93	10
130	0	50	45	10	0	198	10
131	0	24	40	10	0	198	10
132	1	25	89	8	134	144	10
133	0	15	93	8	124	154	10
134	0	23	56	8	0	198	10
135	0	11	38	8	0	198	10
136	0	35	65	8	0	198	10
137	0	80	96	9	60	115	10
138	0	59	89	9	38	137	10
139	0	3	20	9	73	103	10
140	0	91	71	9	73	103	10
141	0	6	65	9	73	103	10
142	0	36	57	12	0	204	10
143	0	11	11	12	77	107	10
144	0	75	56	12	87	97	10
145	0	18	33	12	87	97	10
146	0	88	53	12	0	204	10
147	1	29	2	5	0	198	10
148	0	52	98	5	0	198	10
149	0	19	56	5	71	101	10
150	0	27	70	5	81	91	10
151	0	81	60	5	0	198	10
152	0	28	34	12	67	77	10
153	0	49	94	12	67	77	10
154	1	25	4	12	67	77	10
155	0	6	99	12	57	87	10
156	0	46	87	12	67	77	10
157	0	3	44	28	17	100	10
158	1	36	19	28	0	202	10
159	0	95	99	28	0	202	10
160	0	42	61	28	17	123	10
161	0	95	22	28	0	202	10
162	0	26	61	2	18	48	10
163	0	35	68	2	18	48	10
164	0	41	39	2	18	48	10
165	0	69	60	2	18	88	10
166	0	46	35	2	18	181	10
167	0	96	63	11	119	160	10
168	0	16	34	11	0	204	10
169	0	65	82	11	0	204	10
170	1	13	39	11	0	204	10
171	0	17	56	11	114	165	10
172	0	83	96	7	0	185	10
173	0	34	39	7	0	185	10
174	0	32	40	7	132	142	10
175	0	51	52	7	132	142	10
176	0	56	67	7	122	152	10
177	1	1	6	5	131	141	10
178	0	25	34	5	31	41	10
179	0	39	56	5	31	41	10
180	0	47	84	5	25	55	10
181	0	79	20	5	0	194	10
182	0	9	80	19	25	164	10
183	0	1	88	19	30	95	10
184	0	20	36	19	48	78	10
185	0	32	76	19	48	78	10
186	0	68	22	19	48	78	10
187	1	25	52	12	123	153	10
188	0	89	66	12	0	202	10
189	0	93	70	12	122	153	10
190	0	84	77	12	0	202	10
191	0	7	56	12	115	160	10
192	0	72	28	20	14	78	10
193	0	22	85	20	0	205	10
194	0	12	7	20	0	205	10
195	0	39	73	20	0	205	10
196	0	91	91	20	14	83	10
197	0	26	40	3	89	119	10
198	0	5	75	3	99	109	10
199	0	6	63	3	99	109	10
200	0	27	93	3	0	208	10
201	1	19	78	3	99	109	10
202	0	95	71	27	0	207	10
203	0	80	39	27	0	207	10
204	0	16	47	27	0	207	10
205	0	38	39	27	88	121	10
206	0	12	94	27	81	128	10
207	0	55	83	15	139	211	10
208	0	6	33	15	128	211	10
209	0	7	5	15	166	196	10
210	0	71	79	15	0	211	10
211	0	37	14	15	0	211	10
212	1	55	7	9	50	107	10
213	0	50	39	9	24	133	10
214	0	87	78	9	64	94	10
215	0	84	6	9	0	200	10
216	0	83	51	9	64	94	10
217	0	55	75	9	0	208	10
218	0	61	90	9	0	208	10
219	0	94	54	9	25	88	10
220	0	77	81	9	0	208	10
221	0	90	19	9	26	87	10
222	0	2	43	10	34	103	10
223	0	46	92	10	34	112	10
224	0	37	100	10	0	185	10
225	0	67	100	10	0	185	10
226	0	2	18	10	34	64	10
227	0	86	59	26	83	113	10
228	0	82	65	26	84	111	10
229	0	51	21	26	83	113	10
230	1	70	32	26	79	116	10
231	0	68	18	26	83	113	10
232	0	100	38	8	61	71	10
233	0	32	47	8	61	71	10
234	0	38	71	8	61	71	10
235	0	43	42	8	61	71	10
236	0	48	94	8	51	81	10
237	0	32	57	23	159	169	10
238	0	97	62	23	159	169	10
239	0	27	30	23	159	169	10
240	0	7	73	23	159	169	10
241	0	74	89	23	149	179	10
242	1	68	9	16	124	134	10
243	0	43	78	16	0	194	10
244	1	81	88	16	124	134	10
245	0	94	79	16	124	134	10
246	0	31	72	16	114	144	10
247	0	56	42	27	50	60	10
248	0	50	75	27	0	202	10
249	0	4	56	27	0	202	10
250	0	99	92	27	0	202	10
251	1	63	56	27	40	70	10
252	0	68	3	3	85	115	10
253	0	9	31	3	0	187	10
254	0	8	77	3	76	123	10
255	0	87	33	3	73	126	10
256	0	20	24	3	0	187	10
257	0	66	81	7	77	134	10
258	0	93	26	7	0	196	10
259	0	27	28	7	78	133	10
260	0	21	83	7	91	121	10
261	0	6	94	7	0	196	10
262	0	10	15	7	0	202	10
263	0	7	4	7	50	60	10
264	1	67	65	7	0	202	10
265	0	90	55	7	0	202	10
266	0	19	20	7	40	70	10
267	0	56	57	16	37	47	10
268	0	36	9	16	27	57	10
269	0	28	93	16	0	215	10
270	0	6	1	16	37	47	10
271	0	55	22	16	37	47	10
272	0	42	53	23	141	151	10
273	0	41	72	23	0	186	10
274	0	62	30	23	0	186	10
275	0	19	51	23	141	151	10
276	0	34	47	23	131	161	10
277	0	76	32	18	180	210	10
278	0	9	71	18	79	210	10
279	0	43	22	18	180	210	10
280	0	51	4	18	147	210	10
281	0	69	83	18	180	210	10
282	1	76	10	14	62	137	10
283	0	84	12	14	85	115	10
284	0	17	3	14	85	115	10
285	1	61	45	14	75	124	10
286	0	24	36	14	85	115	10
287	0	5	8	6	23	86	10
288	0	2	46	6	40	70	10
289	0	60	44	6	12	142	10
290	0	27	67	6	40	70	10
291	0	64	81	6	40	70	10
292	0	15	65	5	123	198	10
293	0	55	48	5	168	198	10
294	1	94	33	5	0	198	10
295	0	49	99	5	21	198	10
296	0	60	71	5	168	198	10
297	0	84	67	9	0	208	10
298	0	50	4	9	85	95	10
299	0	71	96	9	75	105	10
300	0	37	62	9	85	95	10
301	0	40	87	9	85	95	10
302	0	58	70	21	71	81	10
303	0	3	86	21	71	81	10
304	0	92	79	21	61	91	10
305	0	46	68	21	71	81	10
306	0	98	74	21	0	194	10
307	0	66	36	16	29	59	10
308	0	21	7	16	0	213	10
309	0	28	36	16	39	49	10
310	0	34	23	16	39	49	10
311	0	71	76	16	0	213	10
312	0	19	34	10	0	204	10
313	0	38	21	10	0	204	10
314	0	86	29	10	0	204	10
315	0	6	32	10	161	171	10
316	0	84	52	10	151	181	10
317	0	61	3	5	97	107	10
318	0	67	80	5	97	107	10
319	0	77	43	5	87	117	10
320	0	66	12	5	0	191	10
321	0	85	3	5	97	107	10
322	0	49	56	9	0	199	10
323	0	96	22	9	56	109	10
324	0	71	33	9	0	199	10
325	0	62	74	9	68	98	10
326	0	93	93	9	60	105	10
327	0	19	80	18	97	107	10
328	0	12	50	18	0	193	10
329	0	100	56	18	97	107	10
330	0	88	4	18	97	107	10
331	1	38	92	18	87	117	10
332	0	8	25	11	0	201	10
333	0	82	68	11	52	82	10
334	0	73	29	11	0	201	10
335	0	17	49	11	0	201	10
336	0	39	97	11	62	72	10
337	0	27	34	17	0	208	10
338	0	18	75	17	0	208	10
339	1	84	33	17	122	152	10
340	0	48	89	17	132	142	10
341	0	4	31	17	0	208	10
342	1	50	18	9	126	136	10
343	0	65	29	9	0	188	10
344	0	86	62	9	0	188	10
345	0	99	35	9	126	136	10
346	0	24	33	9	116	146	10
347	0	81	67	8	139	169	10
348	0	23	21	8	123	184	10
349	0	22	43	8	139	169	10
350	0	59	67	8	73	195	10
351	0	78	65	8	139	169	10
352	0	92	69	25	0	197	10
353	0	81	72	25	0	197	10
354	0	5	77	25	0	197	10
355	0	24	52	25	22	110	10
356	0	96	8	25	22	96	10
357	0	88	62	13	0	203	10
358	0	76	5	13	0	203	10
359	0	44	24	13	124	134	10
360	0	53	100	13	0	203	10
361	0	27	61	13	114	144	10
362	0	26	6	18	0	192	10
363	0	8	96	18	0	192	10
364	0	5	69	18	45	102	10
365	0	66	77	18	0	192	10
366	0	70	34	18	46	101	10
367	0	74	39	13	36	119	10
368	0	66	53	13	52	103	10
369	0	22	61	13	63	93	10
370	0	70	66	13	63	93	10
371	0	73	47	13	63	93	10
372	0	22	12	10	78	108	10
373	0	78	58	10	66	119	10
374	0	50	84	10	0	193	10
375	0	52	59	10	0	193	10
376	0	85	83	10	64	121	10
377	0	40	90	25	104	159	10
378	0	85	4	25	0	179	10
379	0	59	20	25	117	147	10
380	0	93	82	25	77	179	10
381	0	57	78	25	117	147	10
382	0	17	36	19	63	73	10
383	0	84	3	19	53	83	10
384	0	65	61	19	0	205	10
385	0	26	68	19	0	205	10
386	0	38	14	19	0	205	10
387	0	50	74	6	0	190	10
388	0	96	11	6	106	163	10
389	1	99	100	6	81	188	10
390	0	12	76	6	120	150	10
391	0	49	9	6	120	150	10
392	0	17	17	14	169	199	10
393	1	54	73	14	65	200	10
394	0	58	92	14	169	199	10
395	0	32	62	14	136	200	10
396	0	87	65	14	169	199	10
397	0	5	53	11	37	47	10
398	0	70	46	11	37	47	10
399	0	49	32	11	37	47	10
400	0	54	93	11	0	195	10
401	0	21	23	11	27	57	10
402	0	95	82	29	68	78	10
403	1	36	79	29	68	78	10
404	0	51	99	29	58	88	10
405	0	41	55	29	68	78	10
406	0	64	89	29	68	78	10
407	0	57	43	19	149	159	10
408	0	46	94	19	149	159	10
409	0	49	51	19	149	159	10
410	0	63	26	19	139	169	10
411	0	31	11	19	149	159	10
412	0	51	16	13	0	197	10
413	1	80	30	13	0	197	10
414	0	62	5	13	116	126	10
415	0	71	84	13	106	136	10
416	0	64	36	13	0	197	10
417	0	37	4	26	78	119	10
418	0	92	17	26	84	114	10
419	0	74	91	26	87	110	10
420	0	80	62	26	0	192	10
421	0	56	79	26	0	192	10
422	1	71	17	16	97	107	10
423	0	60	12	16	97	107	10
424	1	34	96	16	97	107	10
425	0	68	49	16	97	107	10
426	0	80	47	16	87	117	10
427	0	60	42	6	69	198	10
428	0	10	83	6	135	198	10
429	0	14	36	6	168	198	10
430	0	91	22	6	168	198	10
431	0	17	6	6	0	198	10
432	0	86	64	36	132	162	10
433	0	10	88	36	82	198	10
434	0	41	56	36	117	176	10
435	0	72	31	36	132	162	10
436	0	41	71	36	0	198	10
437	1	58	14	18	0	197	10
438	0	61	42	18	121	168	10
439	0	6	59	18	0	197	10
440	0	3	90	18	130	160	10
441	0	16	82	18	118	171	10
442	0	53	84	23	58	135	10
443	1	28	17	23	82	112	10
444	0	53	63	23	82	112	10
445	0	3	57	23	82	112	10
446	0	14	73	23	72	121	10
447	0	15	34	15	54	109	10
448	0	73	39	15	57	106	10
449	0	74	96	15	0	180	10
450	0	14	20	15	67	97	10
451	0	97	4	15	0	180	10
452	0	54	84	31	0	186	10
453	1	24	39	31	44	54	10
454	0	23	35	31	44	54	10
455	0	3	11	31	34	64	10
456	0	38	33	31	44	54	10
457	0	59	52	3	0	188	10
458	0	86	53	3	86	116	10
459	1	44	88	3	43	158	10
460	0	31	96	3	71	130	10
461	0	5	66	3	86	116	10
462	0	53	21	20	49	113	10
463	0	55	39	20	49	79	10
464	0	43	11	20	49	170	10
465	0	78	75	20	0	170	10
466	1	49	21	20	49	79	10
467	0	82	6	2	126	156	10
468	0	100	48	2	126	156	10
469	1	92	23	2	70	189	10
470	0	10	52	2	111	170	10
471	0	24	84	2	126	156	10
472	1	87	68	8	143	153	10
473	0	27	48	8	143	153	10
474	0	49	60	8	143	153	10
475	0	21	91	8	0	178	10
476	0	56	56	8	133	163	10
477	0	41	26	9	63	73	10
478	0	91	18	9	53	83	10
479	0	91	81	9	63	73	10
480	1	74	16	9	0	190	10
481	0	34	58	9	0	190	10
482	0	46	56	6	172	182	10
483	0	20	17	6	156	186	10
484	1	24	97	6	172	182	10
485	0	65	20	6	172	182	10
486	0	36	38	6	172	182	10
487	0	4	82	3	0	190	10
488	0	60	26	3	0	190	10
489	0	13	48	3	153	163	10
490	0	71	95	3	143	173	10
491	0	34	52	3	153	163	10
492	0	6	74	14	0	183	10
493	0	92	84	14	107	137	10
494	0	75	2	14	117	127	10
495	1	38	8	14	0	183	10
496	0	8	80	14	0	183	10
497	0	14	66	25	73	103	10
498	0	67	11	25	59	116	10
499	0	67	6	25	43	150	10
500	1	34	52	25	73	103	10
	25						
	25						
