 X DISTANCE      Y DISTANCE    NUMBER OF NODES 						
  100.00            100.00       500							
 DEPOT X           DEPOT  Y							
   35.00              35.00    							
NODE	ST 	X    	Y     	DEMAND  EAR     LAT    SERVICE 			
1	1	78	60	20	149	179	10
2	0	59	21	20	145	175	10
3	0	91	62	30	50	80	10
4	0	56	79	10	109	139	10
5	0	76	48	40	141	171	10
6	0	3	90	20	41	71	10
7	0	11	61	20	95	125	10
8	0	69	66	20	79	109	10
9	0	73	48	10	91	121	10
10	0	30	49	20	91	121	10
11	0	23	2	30	119	149	10
12	0	3	2	40	59	89	10
13	1	89	18	20	64	94	10
14	0	11	21	10	142	172	10
15	0	66	39	10	35	65	10
16	0	3	30	20	58	88	10
17	0	52	48	20	72	102	10
18	0	22	1	20	149	179	10
19	0	15	81	20	87	117	10
20	1	55	2	40	72	102	10
21	0	20	7	10	122	152	10
22	0	67	37	10	67	97	10
23	1	22	5	40	92	122	10
24	0	29	33	30	65	95	10
25	0	38	34	10	148	178	10
26	0	60	58	20	154	184	10
27	0	7	25	30	115	145	10
28	0	88	7	20	62	92	10
29	0	57	77	10	62	92	10
30	0	48	4	10	67	97	10
31	0	90	7	10	74	104	10
32	0	32	30	20	61	91	10
33	0	93	88	10	131	161	10
34	0	89	48	10	51	81	10
35	0	89	1	30	111	141	10
36	1	7	5	20	139	169	10
37	0	46	65	40	43	73	10
38	0	77	73	10	124	154	10
39	0	52	52	30	75	105	10
40	0	51	36	10	37	67	10
41	0	22	26	30	85	115	10
42	0	19	2	20	92	122	10
43	1	49	72	10	33	63	10
44	0	97	36	20	128	158	10
45	0	45	45	10	64	94	10
46	0	63	79	10	37	67	10
47	1	11	54	10	113	143	10
48	0	27	78	10	45	75	10
49	0	25	50	10	151	181	10
50	0	74	98	10	104	134	10
51	0	20	42	30	116	146	10
52	0	71	51	19	83	113	10
53	1	70	65	3	52	82	10
54	0	61	81	5	91	121	10
55	0	46	45	16	139	169	10
56	1	58	44	16	140	170	10
57	0	49	98	19	130	160	10
58	0	49	12	23	96	126	10
59	0	36	7	20	152	182	10
60	0	20	54	19	42	72	10
61	0	48	8	17	155	185	10
62	0	14	13	9	66	96	10
63	0	56	24	3	52	82	10
64	0	42	35	6	39	69	10
65	0	34	93	17	53	83	10
66	0	21	73	16	11	41	10
67	1	77	9	16	133	163	10
68	0	65	8	9	70	100	10
69	0	67	36	21	144	174	10
70	0	8	31	27	41	71	10
71	0	15	11	23	180	210	10
72	0	34	12	14	65	95	10
73	0	67	23	8	30	60	10
74	0	57	5	5	77	107	10
75	1	20	80	8	141	171	10
76	0	6	12	16	74	104	10
77	0	25	40	31	75	105	10
78	0	21	68	7	150	180	10
79	0	16	90	27	90	120	10
80	0	93	50	30	89	119	10
81	0	69	62	13	192	222	10
82	0	57	83	10	86	116	10
83	0	56	37	9	42	72	10
84	0	71	53	14	35	65	10
85	0	78	95	18	96	126	10
86	0	72	79	2	87	117	10
87	0	30	26	28	87	117	10
88	0	29	84	13	90	120	10
89	1	46	20	19	67	97	10
90	0	10	23	25	144	174	10
91	0	12	29	6	86	116	10
92	0	69	52	13	167	197	10
93	0	14	3	14	14	44	10
94	0	20	36	3	178	208	10
95	0	45	10	23	95	125	10
96	0	59	61	6	34	64	10
97	0	39	91	26	132	162	10
98	0	90	27	35	120	150	10
99	0	55	88	9	46	76	10
100	0	35	19	15	77	107	10
101	0	3	48	3	180	210	10
102	0	67	71	20	0	191	10
103	0	26	14	30	0	199	10
104	0	52	90	10	0	190	10
105	1	77	55	40	141	171	10
106	0	39	39	20	0	189	10
107	0	88	79	20	95	125	10
108	0	85	100	20	0	194	10
109	0	41	45	10	91	121	10
110	0	6	35	20	91	121	10
111	0	58	33	30	119	149	10
112	0	81	92	40	59	89	10
113	0	20	99	20	0	197	10
114	0	13	90	10	142	172	10
115	0	27	50	10	35	65	10
116	0	63	28	20	58	88	10
117	0	6	88	20	72	102	10
118	0	71	39	20	149	179	10
119	0	100	45	20	87	117	10
120	0	75	48	40	72	102	10
121	0	16	63	10	122	152	10
122	0	37	52	10	0	185	10
123	0	85	42	40	92	122	10
124	0	92	72	30	65	95	10
125	0	8	2	10	148	178	10
126	0	38	12	20	154	184	10
127	0	33	93	30	0	171	10
128	0	65	54	20	62	92	10
129	0	47	95	10	62	92	10
130	0	50	45	10	67	97	10
131	0	24	40	10	74	104	10
132	1	25	89	20	0	179	10
133	0	15	93	10	131	161	10
134	0	23	3	10	51	81	10
135	0	11	38	30	0	182	10
136	0	35	65	20	139	169	10
137	0	50	36	40	43	73	10
138	0	59	89	10	0	189	10
139	0	3	20	30	75	105	10
140	0	91	71	10	37	67	10
141	0	6	73	30	85	115	10
142	0	36	39	20	92	122	10
143	0	11	11	10	33	63	10
144	0	75	49	20	128	158	10
145	0	18	75	10	64	94	10
146	0	88	53	10	37	67	10
147	1	29	2	10	113	143	10
148	0	52	28	10	45	75	10
149	0	19	33	10	0	184	10
150	0	27	70	10	104	134	10
151	0	81	60	30	0	194	10
152	0	28	34	19	83	113	10
153	0	49	94	3	0	205	10
154	1	15	4	5	0	2051	10
155	0	6	99	16	139	169	10
156	0	46	87	16	140	170	10
157	0	3	44	19	130	160	10
158	1	36	19	23	96	126	10
159	0	95	99	20	152	182	10
160	0	42	61	19	0	187	10
161	0	95	22	17	155	185	10
162	0	76	61	9	66	96	10
163	0	85	68	3	52	82	10
164	0	41	39	6	39	69	10
165	0	69	60	17	53	83	10
166	0	46	35	16	11	41	10
167	0	96	63	16	133	163	10
168	0	16	34	9	70	100	10
169	0	65	82	21	144	174	10
170	1	13	39	27	41	71	10
171	0	17	56	23	180	210	10
172	0	83	96	14	65	95	10
173	0	34	39	8	0	202	10
174	0	32	40	5	77	107	10
175	0	51	52	8	141	171	10
176	0	56	67	16	0	172	10
177	1	1	6	31	75	105	10
178	0	25	4	7	150	180	10
179	0	99	56	27	90	120	10
180	0	47	84	30	89	119	10
181	0	79	20	13	192	222	10
182	0	9	80	10	86	116	10
183	0	1	28	9	0	215	10
184	0	20	36	14	0	210	10
185	0	32	76	18	96	126	10
186	0	68	22	2	0	194	10
187	1	25	52	28	87	117	10
188	0	89	66	13	90	120	10
189	0	93	70	19	67	97	10
190	0	84	77	25	144	174	10
191	0	7	56	6	86	116	10
192	0	32	28	13	0	217	10
193	0	12	15	14	14	44	10
194	0	12	7	3	178	208	10
195	0	39	73	23	0	212	10
196	0	31	21	6	0	209	10
197	0	26	40	26	0	214	10
198	0	5	75	35	120	150	10
199	0	6	33	9	0	215	10
200	0	27	23	15	77	107	10
201	1	19	78	3	180	210	10
202	0	95	71	20	0	191	10
203	0	80	39	30	0	199	10
204	0	16	47	10	0	190	10
205	0	38	9	40	141	171	10
206	0	12	94	20	0	189	10
207	0	55	83	20	95	125	10
208	0	6	23	20	0	194	10
209	0	7	5	10	91	121	10
210	0	71	79	20	91	121	10
211	0	37	14	30	119	149	10
212	1	55	7	40	59	89	10
213	0	50	39	20	0	197	10
214	0	87	78	10	142	172	10
215	0	84	6	10	0	194	10
216	0	83	51	20	58	88	10
217	0	55	75	20	0	188	10
218	0	61	90	20	149	179	10
219	0	94	54	20	0	184	10
220	0	77	81	40	0	189	10
221	0	90	19	10	0	194	10
222	0	2	43	10	0	185	10
223	0	46	92	40	92	122	10
224	0	37	34	30	65	95	10
225	0	67	100	10	0	194	10
226	0	2	18	20	154	184	10
227	0	86	59	30	0	171	10
228	0	82	65	20	62	92	10
229	0	51	21	10	0	174	10
230	1	70	32	10	0	177	10
231	0	68	18	10	74	104	10
232	0	100	38	20	0	179	10
233	0	32	32	10	0	178	10
234	0	98	71	10	51	81	10
235	0	43	32	30	0	182	10
236	0	48	94	20	139	169	10
237	0	32	47	40	43	73	10
238	0	37	62	10	0	189	10
239	0	97	30	30	75	105	10
240	0	7	73	10	37	67	10
241	0	74	89	30	85	115	10
242	1	68	9	20	92	122	10
243	0	43	78	10	33	63	10
244	1	81	88	20	0	191	10
245	0	94	79	10	64	94	10
246	0	31	72	10	37	67	10
247	0	56	92	10	0	192	10
248	0	50	75	10	0	191	10
249	0	4	56	10	0	184	10
250	0	99	92	10	104	134	10
251	1	63	56	30	0	194	10
252	0	68	3	20	0	191	10
253	0	9	31	30	0	199	10
254	0	8	77	10	0	190	10
255	0	87	33	40	141	171	10
256	0	20	24	20	0	189	10
257	0	66	81	20	0	196	10
258	0	93	26	20	0	194	10
259	0	27	28	10	91	121	10
260	0	21	83	20	91	121	10
261	0	6	34	30	0	198	10
262	0	10	15	40	59	89	10
263	0	7	4	20	0	197	10
264	1	67	65	10	142	172	10
265	0	90	55	10	0	194	10
266	0	19	20	20	58	88	10
267	0	56	57	20	0	188	10
268	0	36	9	20	0	189	10
269	0	28	93	20	0	184	10
270	0	6	1	40	0	189	10
271	0	55	22	10	0	194	10
272	0	42	53	10	0	185	10
273	0	41	72	40	0	195	10
274	0	62	30	30	65	95	10
275	0	19	51	10	0	194	10
276	0	34	47	20	154	184	10
277	0	76	32	30	0	171	10
278	0	9	71	20	0	172	10
279	0	43	22	10	0	174	10
280	0	51	4	10	0	177	10
281	0	69	83	10	0	178	10
282	1	76	10	20	0	179	10
283	0	84	12	10	0	178	10
284	0	17	3	10	0	178	10
285	1	61	45	30	0	182	10
286	0	24	36	20	0	185	10
287	0	5	8	40	0	186	10
288	0	2	46	10	0	189	10
289	0	60	44	30	75	105	10
290	0	27	67	10	0	193	10
291	0	64	81	30	0	189	10
292	0	15	65	20	0	199	10
293	0	55	48	10	0	196	10
294	1	94	33	20	0	191	10
295	0	49	43	10	64	94	10
296	0	60	71	10	0	192	10
297	0	84	67	10	0	192	10
298	0	50	4	10	0	191	10
299	0	71	96	10	0	184	10
300	0	37	62	10	0	191	10
301	0	40	87	30	0	194	10
302	0	58	70	20	71	191	10
303	0	3	86	30	30	150	10
304	0	92	79	10	64	184	10
305	0	46	68	40	151	161	10
306	0	98	74	20	40	160	10
307	0	66	36	20	96	123	10
308	0	21	7	20	35	155	10
309	0	58	86	10	101	111	10
310	0	92	83	20	101	111	10
311	0	71	76	30	123	144	10
312	0	19	34	40	69	79	10
313	0	38	21	20	32	152	10
314	0	86	29	10	152	162	10
315	0	6	72	10	35	117	10
316	0	84	52	20	68	78	10
317	0	61	3	20	59	114	10
318	0	67	80	20	147	180	10
319	0	77	43	20	79	124	10
320	0	66	12	40	58	115	10
321	0	85	3	10	111	162	10
322	0	49	73	10	45	165	10
323	0	96	22	40	94	119	10
324	0	71	33	30	75	85	10
325	0	62	74	10	128	194	10
326	0	23	23	20	171	181	10
327	0	19	80	30	58	171	10
328	0	12	50	20	60	93	10
329	0	100	47	10	55	120	10
330	0	28	4	10	52	112	10
331	1	38	92	10	75	102	10
332	0	8	25	20	50	170	10
333	0	82	68	10	116	175	10
334	0	73	29	10	51	85	10
335	0	17	49	30	62	182	10
336	0	39	97	20	138	169	10
337	0	27	93	40	43	78	10
338	0	18	23	10	69	189	10
339	1	84	33	30	85	95	10
340	0	48	89	10	36	74	10
341	0	4	31	30	87	112	10
342	1	50	18	20	92	121	10
343	0	65	29	10	33	66	10
344	0	86	62	20	117	168	10
345	0	99	35	10	74	84	10
346	0	14	13	10	37	72	10
347	0	81	91	10	98	157	10
348	0	23	21	10	38	109	10
349	0	22	43	10	64	184	10
350	0	59	67	10	109	128	10
351	0	78	65	30	71	191	10
352	0	92	69	20	130	190	10
353	0	81	72	30	35	95	10
354	0	5	77	10	94	154	10
355	0	24	52	40	126	186	10
356	0	96	8	20	40	100	10
357	0	88	62	20	80	140	10
358	0	76	5	20	64	124	10
359	0	44	24	10	76	136	10
360	0	53	100	20	76	136	10
361	0	27	61	30	104	164	10
362	0	16	6	40	44	104	10
363	0	8	96	20	49	109	10
364	0	5	69	10	127	187	10
365	0	66	77	10	35	95	10
366	0	70	34	20	43	103	10
367	0	74	39	20	57	117	10
368	0	66	53	20	129	189	10
369	0	22	61	20	72	132	10
370	0	70	66	40	57	117	10
371	0	73	47	10	107	167	10
372	0	22	12	10	52	112	10
373	0	78	58	40	77	137	10
374	0	50	84	30	50	110	10
375	0	52	59	10	133	193	10
376	0	85	83	20	124	184	10
377	0	40	90	30	100	160	10
378	0	85	4	20	57	117	10
379	0	59	20	10	55	115	10
380	0	23	45	10	52	112	10
381	0	57	5	10	59	119	10
382	0	17	34	20	50	110	10
383	0	84	3	10	116	176	10
384	0	65	61	10	51	111	10
385	0	86	68	30	96	156	10
386	0	38	14	20	124	184	10
387	0	50	74	40	43	103	10
388	0	96	11	10	109	169	10
389	1	99	100	30	60	120	10
390	0	12	76	10	36	96	10
391	0	49	9	30	70	130	10
392	0	17	17	20	77	137	10
393	1	54	73	10	33	93	10
394	0	58	92	20	113	173	10
395	0	32	62	10	49	109	10
396	0	87	65	10	37	97	10
397	0	5	53	10	98	158	10
398	0	70	46	10	38	98	10
399	0	49	82	10	124	184	10
400	0	54	93	10	89	149	10
401	0	71	88	30	101	161	10
402	0	95	82	20	125	191	10
403	1	36	79	30	32	97	10
404	0	51	99	10	101	146	10
405	0	41	55	40	71	193	10
406	0	64	89	20	40	113	10
407	0	57	43	20	55	164	10
408	0	46	94	20	69	118	10
409	0	49	51	10	56	155	10
410	0	63	26	20	51	160	10
411	0	91	11	30	90	177	10
412	0	51	6	40	33	152	10
413	1	20	30	20	49	108	10
414	0	62	5	10	62	191	10
415	0	71	84	10	35	117	10
416	0	64	36	20	39	161	10
417	0	37	4	20	59	114	10
418	0	92	17	20	60	189	10
419	0	74	91	20	79	124	10
420	0	80	62	40	58	115	10
421	0	56	29	10	111	162	10
422	1	71	17	10	52	111	10
423	0	60	12	40	55	158	10
424	1	34	96	30	45	164	10
425	0	68	49	10	128	194	10
426	0	80	47	20	54	184	10
427	0	60	42	30	105	154	10
428	0	10	83	20	57	172	10
429	0	14	36	10	55	120	10
430	0	91	22	10	52	112	10
431	0	17	6	10	52	159	10
432	0	86	64	20	50	110	10
433	0	10	88	10	116	175	10
434	0	41	56	10	51	178	10
435	0	72	31	30	100	151	10
436	0	41	71	20	61	185	10
437	1	58	14	40	43	186	10
438	0	61	42	10	113	164	10
439	0	6	59	30	37	148	10
440	0	3	20	10	36	191	10
441	0	16	82	30	50	149	10
442	0	53	84	20	48	165	10
443	1	28	17	10	33	166	10
444	0	53	63	20	117	168	10
445	0	3	57	10	35	148	10
446	0	14	73	10	37	177	10
447	0	15	34	10	98	157	10
448	0	73	39	10	38	109	10
449	0	74	96	10	120	184	10
450	0	14	20	10	79	158	10
451	0	97	4	30	104	157	10
452	0	54	84	20	49	191	10
453	1	24	89	30	30	168	10
454	0	23	35	10	95	152	10
455	0	3	11	40	69	193	10
456	0	38	33	20	40	189	10
457	0	59	52	20	60	159	10
458	0	26	23	20	54	133	10
459	1	44	88	10	67	144	10
460	0	31	96	20	57	154	10
461	0	5	66	30	106	161	10
462	0	53	21	40	33	152	10
463	0	55	39	20	32	148	10
464	0	43	11	10	53	191	10
465	0	28	35	10	35	194	10
466	1	49	21	20	39	163	10
467	0	82	6	20	41	141	10
468	0	100	48	20	51	189	10
469	1	92	23	20	73	130	10
470	0	10	52	40	40	148	10
471	0	24	84	10	94	179	10
472	1	87	68	10	45	161	10
473	0	27	48	40	64	149	10
474	0	49	60	30	45	164	10
475	0	21	91	10	51	194	10
476	0	56	24	20	45	183	10
477	0	41	26	30	90	169	10
478	0	91	18	20	57	172	10
479	0	91	81	10	55	174	10
480	1	74	16	10	52	174	10
481	0	34	58	10	52	147	10
482	0	46	56	20	50	172	10
483	0	20	17	10	61	178	10
484	1	24	97	10	51	178	10
485	0	65	20	30	83	168	10
486	0	36	17	20	57	185	10
487	0	4	82	40	43	186	10
488	0	60	26	10	95	182	10
489	0	13	48	30	38	141	10
490	0	71	95	10	36	193	10
491	0	34	52	30	61	138	10
492	0	6	74	20	49	164	10
493	0	92	84	10	33	180	10
494	0	75	2	20	100	185	10
495	1	38	8	10	35	142	10
496	0	8	80	10	37	192	10
497	0	14	66	10	71	184	10
498	0	67	11	10	38	191	10
499	0	67	6	10	50	184	10
500	1	34	42	10	99	138	10
	25						
	25						
