 X DISTANCE      Y DISTANCE    NUMBER OF NODES 						
  100.00            100.00       500							
 DEPOT X           DEPOT  Y							
   35.00              35.00    							
NODE	ST 	X    	Y     	DEMAND  EAR     LAT    SERVICE 			
1	1	28	40	10	59	79	10
2	0	59	21	20	145	175	10
3	1	91	62	30	50	80	10
4	0	56	70	10	109	139	10
5	0	76	48	40	141	171	10
6	1	3	90	20	41	71	10
7	0	11	61	20	95	125	10
8	1	69	66	20	79	109	10
9	1	73	48	10	91	121	10
10	1	30	49	20	91	121	10
11	1	23	2	30	119	149	10
12	0	3	2	40	59	89	10
13	1	89	28	20	64	94	10
14	1	11	65	10	142	172	10
15	0	66	34	10	35	65	10
16	1	3	30	20	58	88	10
17	0	52	48	20	72	102	10
18	1	22	1	20	149	179	10
19	0	15	81	20	87	117	10
20	1	55	2	40	72	102	10
21	1	20	7	10	122	152	10
22	0	67	37	10	67	97	10
23	1	22	5	40	92	122	10
24	1	29	33	30	65	95	10
25	1	38	34	10	148	178	10
26	0	60	58	20	154	184	10
27	1	7	25	30	115	145	10
28	0	88	27	20	62	92	10
29	1	57	77	10	62	92	10
30	0	48	4	10	67	97	10
31	1	90	7	10	74	104	10
32	0	32	30	20	61	91	10
33	1	93	88	10	131	161	10
34	0	89	48	10	51	81	10
35	1	89	18	30	111	141	10
36	0	7	35	20	139	169	10
37	1	46	65	40	43	73	10
38	0	77	73	10	124	154	10
39	1	52	52	30	75	105	10
40	0	51	36	10	37	67	10
41	1	62	46	30	85	115	10
42	1	19	2	20	92	122	10
43	1	49	72	10	33	63	10
44	1	97	36	20	128	158	10
45	0	45	45	10	64	94	10
46	1	63	79	10	37	67	10
47	0	11	54	10	113	143	10
48	1	27	78	10	45	75	10
49	0	25	50	10	151	181	10
50	1	74	100	10	104	134	10
51	0	20	42	30	116	146	10
52	1	71	51	19	83	113	10
53	1	70	62	3	52	82	10
54	0	61	81	5	91	121	10
55	1	46	45	16	139	169	10
56	0	58	44	16	140	170	10
57	1	49	98	19	130	160	10
58	0	49	12	23	96	126	10
59	1	36	7	20	152	182	10
60	1	20	54	19	42	72	10
61	1	48	8	17	155	185	10
62	1	14	13	9	66	96	10
63	0	56	24	3	52	82	10
64	1	42	35	6	39	69	10
65	0	34	93	17	53	83	10
66	1	51	23	16	11	41	10
67	1	77	9	16	133	163	10
68	0	65	8	9	70	100	10
69	1	67	36	21	144	174	10
70	1	8	31	27	41	71	10
71	0	15	11	23	180	210	10
72	1	34	12	14	65	95	10
73	0	67	33	8	30	60	10
74	1	57	9	5	77	107	10
75	1	20	80	8	141	171	10
76	0	6	12	16	74	104	10
77	1	25	40	31	75	105	10
78	0	21	68	7	150	180	10
79	1	16	90	27	90	120	10
80	0	93	50	30	89	119	10
81	1	69	62	13	192	222	10
82	0	57	83	10	86	116	10
83	1	23	34	9	42	72	10
84	0	71	53	14	35	65	10
85	1	78	95	18	96	126	10
86	1	72	79	2	87	117	10
87	1	30	66	28	87	117	10
88	1	29	84	13	90	120	10
89	1	46	20	19	67	97	10
90	0	10	85	25	144	174	10
91	1	12	29	6	86	116	10
92	1	49	22	13	167	197	10
93	0	12	13	14	14	44	10
94	1	70	96	3	178	208	10
95	1	45	10	23	95	125	10
96	0	59	61	6	34	64	10
97	1	39	91	26	132	162	10
98	0	90	27	35	120	150	10
99	1	55	88	9	46	76	10
100	1	15	19	15	77	107	10
101	1	3	48	3	180	210	10
102	0	67	71	20	0	191	10
103	1	26	14	30	0	199	10
104	0	52	90	10	0	190	10
105	1	77	55	40	141	171	10
106	1	39	39	20	0	189	10
107	1	88	79	20	95	125	10
108	1	85	100	20	0	194	10
109	0	41	45	10	91	121	10
110	1	6	35	20	91	121	10
111	1	58	33	30	119	149	10
112	1	81	92	40	59	89	10
113	0	20	99	20	0	197	10
114	1	13	90	10	142	172	10
115	0	27	50	10	35	65	10
116	1	63	28	20	58	88	10
117	0	6	88	20	72	102	10
118	0	71	39	20	149	179	10
119	1	100	35	20	87	117	10
120	0	75	30	40	72	102	10
121	1	16	63	10	122	152	10
122	0	37	52	10	0	185	10
123	0	85	42	40	92	122	10
124	1	92	55	30	65	95	10
125	0	8	2	10	148	178	10
126	1	38	12	20	154	184	10
127	0	33	93	30	0	171	10
128	0	65	54	20	62	92	10
129	1	47	95	10	62	92	10
130	1	50	45	10	67	97	10
131	0	24	40	10	74	104	10
132	1	25	89	20	0	179	10
133	1	15	93	10	131	161	10
134	0	23	3	10	51	81	10
135	1	11	38	30	0	182	10
136	0	35	65	20	139	169	10
137	1	20	36	40	43	73	10
138	0	59	89	10	0	189	10
139	1	3	20	30	75	105	10
140	1	91	71	10	37	67	10
141	1	6	95	30	85	115	10
142	1	36	39	20	92	122	10
143	0	11	11	10	33	63	10
144	1	75	49	20	128	158	10
145	0	18	75	10	64	94	10
146	1	88	53	10	37	67	10
147	1	29	2	10	113	143	10
148	0	52	98	10	45	75	10
149	1	19	33	10	0	184	10
150	1	27	70	10	104	134	10
151	1	81	40	30	0	194	10
152	1	28	34	19	83	113	10
153	0	49	94	3	0	205	10
154	1	25	9	5	91	121	10
155	1	6	99	16	139	169	10
156	1	46	87	16	140	170	10
157	0	3	44	19	130	160	10
158	1	36	19	23	96	126	10
159	0	95	99	20	152	182	10
160	1	42	61	19	0	187	10
161	1	95	22	17	155	185	10
162	0	76	61	9	66	96	10
163	1	85	68	3	52	82	10
164	1	41	39	6	39	69	10
165	0	69	60	17	53	83	10
166	1	46	35	16	11	41	10
167	0	96	63	16	133	163	10
168	1	16	34	9	70	100	10
169	0	65	82	21	144	174	10
170	1	13	39	27	41	71	10
171	0	17	56	23	180	210	10
172	1	83	96	14	65	95	10
173	0	34	39	8	0	202	10
174	1	32	40	5	77	107	10
175	0	51	52	8	141	171	10
176	1	56	67	16	0	172	10
177	1	1	6	31	75	105	10
178	1	25	4	7	150	180	10
179	0	99	56	27	90	120	10
180	1	47	84	30	89	119	10
181	0	79	20	13	192	222	10
182	1	9	80	10	86	116	10
183	0	1	88	9	0	215	10
184	0	20	36	14	0	210	10
185	1	32	76	18	96	126	10
186	0	68	22	2	0	194	10
187	1	25	55	28	87	117	10
188	0	89	66	13	90	120	10
189	1	93	60	19	67	97	10
190	0	84	77	25	144	174	10
191	1	7	56	6	86	116	10
192	0	72	28	13	0	217	10
193	1	22	15	14	14	44	10
194	0	12	7	3	178	208	10
195	1	39	73	23	0	212	10
196	1	23	32	6	0	209	10
197	0	26	40	26	0	214	10
198	1	5	75	35	120	150	10
199	1	6	23	9	0	215	10
200	0	27	93	15	77	107	10
201	1	19	78	3	180	210	10
202	0	95	71	19	0	196	10
203	1	80	39	3	0	205	10
204	0	16	47	5	91	121	10
205	1	38	9	16	0	211	10
206	1	12	94	16	140	170	10
207	0	55	83	19	130	160	10
208	1	6	93	23	0	203	10
209	0	7	5	20	152	182	10
210	1	71	79	19	0	187	10
211	0	37	14	17	0	203	10
212	1	55	7	9	0	214	10
213	0	50	39	3	52	82	10
214	1	27	28	6	0	190	10
215	0	84	16	17	53	83	10
216	0	23	22	16	61	71	10
217	1	55	75	16	133	163	10
218	0	61	90	9	70	100	10
219	1	94	54	21	144	174	10
220	0	77	81	27	41	71	10
221	1	90	19	23	180	210	10
222	1	2	43	14	0	204	10
223	0	46	92	8	0	202	10
224	1	37	100	5	0	190	10
225	1	67	100	8	141	171	10
226	0	2	18	16	0	172	10
227	1	86	30	31	75	105	10
228	1	82	65	7	150	180	10
229	0	51	21	27	90	120	10
230	1	70	32	30	89	119	10
231	0	68	18	13	192	222	10
232	1	40	28	10	0	217	10
233	1	32	49	9	0	215	10
234	0	98	45	14	0	210	10
235	1	43	22	18	96	126	10
236	0	48	94	2	0	194	10
237	1	32	45	28	0	197	10
238	1	97	62	13	90	120	10
239	0	97	30	19	67	97	10
240	1	7	73	25	0	177	10
241	0	74	82	6	0	225	10
242	1	38	9	13	0	217	10
243	0	43	78	14	14	44	10
244	1	81	67	3	178	208	10
245	0	94	79	23	0	212	10
246	1	31	72	6	0	209	10
247	1	56	92	26	0	214	10
248	1	50	79	35	0	181	10
249	1	4	56	9	0	215	10
250	0	57	34	15	77	107	10
251	1	63	56	3	180	210	10
252	1	68	3	19	0	196	10
253	0	9	31	3	0	205	10
254	1	8	77	5	91	121	10
255	0	87	33	16	0	211	10
256	1	20	24	16	140	170	10
257	0	66	81	19	0	211	10
258	1	93	26	23	0	203	10
259	1	27	28	20	152	182	10
260	1	21	83	19	0	187	10
261	0	6	94	17	0	203	10
262	1	10	15	9	0	214	10
263	0	7	4	3	52	82	10
264	1	67	65	6	0	190	10
265	1	90	55	17	0	209	10
266	1	19	10	16	0	218	10
267	1	56	57	16	0	216	10
268	0	36	9	9	70	100	10
269	1	28	93	21	0	220	10
270	1	6	1	27	41	71	10
271	1	55	22	23	0	210	10
272	1	42	53	14	0	204	10
273	0	41	72	8	0	202	10
274	1	62	30	5	0	190	10
275	1	19	51	8	141	171	10
276	1	34	47	16	0	172	10
277	1	76	32	31	75	105	10
278	0	9	38	7	150	180	10
279	1	43	22	27	0	197	10
280	1	51	4	30	89	119	10
281	0	69	83	13	0	222	10
282	1	76	10	10	0	217	10
283	0	84	22	9	0	215	10
284	1	17	3	14	0	210	10
285	1	61	45	18	96	126	10
286	0	24	36	2	0	194	10
287	1	5	8	28	0	197	10
288	0	2	46	13	90	120	10
289	1	60	44	19	0	212	10
290	0	27	67	25	0	177	10
291	1	64	81	6	0	225	10
292	0	15	65	13	0	217	10
293	1	55	48	14	14	44	10
294	1	94	33	3	0	208	10
295	0	49	99	23	0	212	10
296	1	60	71	6	0	209	10
297	0	84	67	26	0	214	10
298	1	50	4	35	0	181	10
299	0	71	98	9	0	215	10
300	1	37	62	15	77	107	10
301	0	40	87	3	180	210	10
302	1	58	70	19	69	126	10
303	0	3	86	3	25	145	10
304	1	32	67	5	101	111	10
305	0	46	68	16	127	180	10
306	1	98	74	16	150	160	10
307	0	66	36	19	130	159	10
308	1	21	7	23	82	139	10
309	1	58	86	20	172	182	10
310	1	92	75	19	42	162	10
311	1	71	76	17	137	202	10
312	0	19	34	9	55	106	10
313	1	18	21	3	62	72	10
314	0	86	5	6	39	108	10
315	0	6	72	17	53	82	10
316	1	23	19	16	11	63	10
317	1	61	3	16	134	161	10
318	1	67	80	9	80	90	10
319	0	77	43	21	144	173	10
320	1	66	12	27	51	61	10
321	0	85	3	23	172	210	10
322	0	49	73	14	52	107	10
323	1	96	48	8	27	147	10
324	0	71	33	5	65	118	10
325	1	62	74	8	151	161	10
326	0	93	93	16	57	172	10
327	1	19	80	31	85	95	10
328	1	12	50	7	163	173	10
329	1	100	56	27	90	119	10
330	0	88	4	30	99	109	10
331	1	38	92	13	190	222	10
332	1	8	25	10	80	121	10
333	0	82	68	9	14	134	10
334	1	73	29	14	19	139	10
335	0	17	49	18	106	116	10
336	0	39	97	2	42	162	10
337	1	27	93	28	77	126	10
338	1	18	78	13	100	110	10
339	1	84	33	19	67	96	10
340	0	48	89	25	105	177	10
341	1	4	31	6	74	127	10
342	1	50	18	13	97	217	10
343	0	35	29	14	85	95	10
344	1	86	45	3	173	208	10
345	0	99	35	23	50	170	10
346	1	24	33	6	20	140	10
347	0	81	84	26	87	207	10
348	0	23	21	35	112	157	10
349	1	22	43	9	14	134	10
350	0	19	27	15	87	97	10
351	0	78	65	3	200	210	10
352	1	92	48	19	68	128	10
353	0	81	54	3	37	97	10
354	0	5	77	5	76	136	10
355	0	24	52	16	124	184	10
356	1	16	8	16	125	185	10
357	1	88	62	19	115	175	10
358	0	76	5	23	81	141	10
359	1	44	24	20	122	182	10
360	0	53	100	19	42	102	10
361	0	27	61	17	140	200	10
362	1	26	6	9	51	111	10
363	1	8	96	3	37	97	10
364	0	5	69	6	39	99	10
365	1	66	77	17	38	98	10
366	0	70	34	16	11	71	10
367	1	74	39	16	118	178	10
368	1	66	53	9	55	115	10
369	1	22	61	21	129	189	10
370	0	70	69	27	26	86	10
371	0	73	47	23	150	210	10
372	0	22	12	14	50	110	10
373	1	78	37	8	27	87	10
374	0	50	84	5	62	122	10
375	1	52	59	8	126	186	10
376	0	85	83	16	59	119	10
377	1	40	90	31	60	120	10
378	1	85	24	7	120	180	10
379	0	59	20	27	75	135	10
380	1	93	76	30	74	134	10
381	0	21	1	13	162	222	10
382	1	17	56	10	71	131	10
383	0	84	3	9	27	87	10
384	1	65	61	14	20	80	10
385	1	86	68	18	81	141	10
386	0	38	14	2	72	132	10
387	1	50	74	28	72	132	10
388	0	96	17	13	75	135	10
389	1	99	100	19	52	112	10
390	0	12	76	25	117	177	10
391	0	49	9	6	71	131	10
392	1	17	17	13	152	212	10
393	1	54	73	14	14	74	10
394	1	58	92	3	148	208	10
395	0	32	62	23	80	140	10
396	1	87	46	6	20	80	10
397	0	5	53	26	117	177	10
398	1	70	46	35	105	165	10
399	0	49	82	9	31	91	10
400	0	54	93	15	62	122	10
401	0	71	88	3	150	210	10
402	0	95	82	19	69	126	10
403	1	36	79	3	36	97	10
404	0	51	99	5	57	154	10
405	0	41	55	16	127	180	10
406	0	64	89	16	95	214	10
407	1	57	43	19	88	201	10
408	1	46	94	23	82	139	10
409	1	49	51	20	56	182	10
410	1	63	26	19	42	125	10
411	0	91	11	17	137	202	10
412	0	51	6	9	55	106	10
413	1	80	20	3	29	158	10
414	1	62	5	6	39	108	10
415	0	71	84	17	20	139	10
416	1	64	36	16	11	140	10
417	1	37	4	16	92	203	10
418	1	92	17	9	28	141	10
419	0	74	89	21	100	217	10
420	0	80	62	27	9	134	10
421	1	56	79	23	60	210	10
422	1	71	17	14	52	107	10
423	1	60	12	8	27	101	10
424	1	34	96	5	65	118	10
425	1	68	49	8	72	193	10
426	1	20	47	16	60	117	10
427	0	60	42	31	42	143	10
428	1	10	83	7	52	180	10
429	0	14	36	27	46	163	10
430	1	91	45	30	54	153	10
431	0	17	6	13	97	222	10
432	1	86	55	10	80	121	10
433	0	10	88	9	26	87	10
434	1	41	56	14	19	87	10
435	0	72	31	18	62	159	10
436	1	41	71	2	76	127	10
437	1	58	14	28	77	126	10
438	0	61	42	13	68	141	10
439	1	6	59	19	24	139	10
440	1	3	95	25	105	177	10
441	1	16	82	6	74	127	10
442	0	53	84	13	151	212	10
443	1	28	17	14	14	155	10
444	1	53	63	3	69	208	10
445	0	3	57	23	86	133	10
446	1	14	73	6	20	84	10
447	1	15	34	26	121	172	10
448	0	73	39	35	112	157	10
449	1	74	94	9	30	91	10
450	0	14	20	15	37	146	10
451	1	97	4	3	66	210	10
452	1	54	84	19	45	150	10
453	0	24	89	3	25	150	10
454	1	23	35	5	68	143	10
455	0	3	11	16	107	200	10
456	1	38	33	16	95	214	10
457	1	59	52	19	91	198	10
458	0	86	15	23	56	165	10
459	1	44	88	20	51	182	10
460	0	31	96	19	42	187	10
461	1	5	66	17	62	203	10
462	1	53	21	9	37	124	10
463	0	55	39	3	29	168	10
464	1	43	11	6	39	190	10
465	1	78	75	17	20	139	10
466	1	49	21	16	11	150	10
467	0	82	6	16	97	198	10
468	1	34	78	9	31	138	10
469	0	92	23	21	101	216	10
470	1	10	22	27	9	139	10
471	1	24	84	23	30	210	10
472	1	12	34	14	30	129	10
473	1	27	48	8	27	202	10
474	0	49	60	5	46	137	10
475	1	21	91	8	71	193	10
476	1	56	24	16	57	165	10
477	1	41	26	31	48	131	10
478	1	91	28	7	49	180	10
479	1	51	21	27	47	162	10
480	0	74	16	30	65	142	10
481	1	34	58	13	93	222	10
482	0	46	56	10	78	123	10
483	1	20	17	9	14	140	10
484	1	24	97	14	19	172	10
485	1	65	20	18	73	148	10
486	0	36	38	2	59	144	10
487	1	4	82	28	63	140	10
488	0	60	26	13	91	118	10
489	1	13	48	19	27	136	10
490	1	71	22	25	52	177	10
491	1	34	57	6	53	148	10
492	0	6	74	13	89	217	10
493	1	92	84	14	14	177	10
494	0	75	2	3	50	208	10
495	1	38	8	23	76	143	10
496	0	8	80	6	20	159	10
497	1	14	66	26	105	188	10
498	1	67	11	35	104	165	10
499	0	67	6	9	14	136	10
500	1	34	52	15	42	141	10
	150						
	150						
