60 4400 100000 0 0 30 30
12000 16000 0
 17534	   15977      549
 18799	   21748      541
 16972	   10782      549
 23938	   25349      547
 219	   5600       541
 9183	   12852      611
 14061	   6039       677
 9283	   5701       497
 8932	   18323      299
 10357	   23492      347
 7196	   17181      968
 23296	   27495      120
 7427	   9013       421
 10357	   8185       547
 7848	   28725      416
 6292	   16303      797
 7738	   22539      903
 21499	   12150      609
 4897	   25889      634
 18307	   16642      941
 21901	   14120      753
 7256	   20255      333
 9534	   23191      606
 23095	   13731      348
 13951	   28624      561
 3943	   17721      323
 10076	   6203       148
 8691	   22438      618
 19923	   21272      434
 23597	   19063      772
 7140	  18467      607
 2182	  3850	     516
 5293	  18179      158
 19587	  20839      776
 1178	  26046      263
 16064	  26661      367
 11316	  10111      674
 20240	  3612	     631
 4440	  28681      533
 12390	  25657      527
 20932	  19622      599
 21002	  15268      203
 5103	  11065      1013
 3055	  15531      798
 21755	  1403	     338
 10613	  10149      475
 15341	  18241      713
 23953	  11679      584
 1961	  349	     488
 324	  3649	     474
 22769	  5255	     418
 15542	  28794      283
 21725	  1604	     453
 2272	  10814      177
 15562	  17150      340
 13153	  22269      492
 20661	  20462      431
 4671	  16334      789
 5615	  8969	     673
 5524	  6447	     617
 
