57 2700 100000 0 0 12 45
12000 16000 0
 22493	   15550      431
 14754	   25876      446
 19682	   18963      443
 18036	   6617       369
 22473	   1021       377
 16882	   2589       491
 17404	   12200      371
 10639	   19051      548
 15226	   13242      782
 21178	   1874       296
 2056	   24446      559
 23145	   16842      490
 5856	  23988      556
 12581	  24503      469
 3938	  23963      309
 6197	  11755      322
 23753	  1742	     814
 2603	  17137      517
 9820	  15720      623
 6709	  24352      581
 3156	  4201	     484
 22789	  16309      672
 19577	  25054      748
 7612	  5833	     146
 3677	  16761      569
 13595	  6360	     548
 20260	  7012	     487
 21083	  538	     428
 13775	  23762      657
 10634	  2332	     532
 606	  5933	     642
 10734	  24214      419
 21344	  10952      567
 2081	  19622      634
 20229	  7213	     1005
 12741	  1203	     523
 13996	  23022      292
 23833	  12922      647
 19306	  25895      378
 15281	  6899	     539
 4189	  14666      424
 15783	  27275      567
 9730	  17024      567
 6247	  26347      669
 3818	  1278	     364
 14388	  17727      202
 3396	  25644      766
 21253	  14239      510
 777	  27903      327
 7261	  29321      752
 12480	  6447	     384
 1038	  15971      866
 6960	  19233      496
 6578	  17100      212
 877	  4477	     809
 4932	  15883      331
 10824	  20312      479
 
