68 5100 100000 0 0 23 45
12000 16000 0
 4405	  23028      1033
 20807	  3179	     445
 1595	  26792      449
 23808	  13919      570
 4385	  8499	     383
 22935	  9891	     488
 23316	  19678      370
 16691	  26705      550
 21138	  20720      382
 3231	  9528	     700
 7968	  1924	     959
 5198	  24496      492
 18699	  14559      253
 21168	  16955      468
 15587	  18750      411
 1645	  22865      595
 9384	  5237	     580
 17063	  17394      401
 10207	  24320      522
 17785	  6679	     457
 4666	  7269	     177
 2669	  26065      300
 3582	  4559	     496
  7030	  19584      294
 4782	  23750      308
 10955	  26949      449
 4099	  18568      565
 12892	  12470      354
 6769	  1868	     355
 5083	  4189	     561
 16857	  16297      421
 4260	  261	     422
 14920	  15820      509
 2523	  28304      486
 5725	  12909      387
 16746	  27401      102
 17690	  20651      184
 15452	  25042      222
 7160	  22746      470
 14809	  19534      200
 2694	  1755	     371
 7763	  9095	     575
 8776	  1203	     453
 10342	  21855      707
 6107	  4176	     269
 15351	  25506      539
 23030	  23323      358
 15241	  18706      625
 15823	  12257      679
 2393	  29321      318
 13534	  14151      575
 17399	  25481      954
 20019	  11742      205
 4782	  5230	     501
 16184	  18380      306
 4992	  27225      707
 6588	  17326      236
 10413	  28982      508
 19436	  21403      548
 13916	  8631	     461
 11426	  13699      590
 7743	  24565      522
 11186	  7915	     501
 8064	  15092      1030
 22709	  16610      649
 8104	  7727	     347
 3045	  22959      567
 23893	  952	     811
 
