90 5700 100000 0 0 45 45
12000 16000 0
 8892	  6203	    586
 13399	  1309	    595
 6011	  9879	    798
 16330	  12313     725
 9012	  21849     325
 15386	  8198	    236
 3873	  2940	    919
 9073	  24571     502
 1625	  3894	    137
 19542	  7658	    250
 12666	  15362     316
 21720	  22539     637
 23326	  27558     406
 13620	  15262     617
 20144	  1661	    362
 18026	  21083     342
 13871	  18059     335
 9374	  15525     753
 14623	  7407	    475
 10307	  4722	    609
 9294	  20619     323
 19120	  24019     851
 7858	  17470     650
 10598	  19377     432
 21349	  19402     785
 6894	  25613     311
 12164	  16717     280
 6654	  18862     824
 14633	  331	    1101
 8450	  5174	    334
 15296	  20368     577
 10508	  19452     577
 621	  7570	    684
 11823	  7570	    515
 5288	  12940     346
 10197	  4960	    692
 15627	  26692     721
 5048	  17671     864
 18177	  9653	    773
 18036	  21309     573
 23406	  12564     435
 359	  21046     968
 17715	  25726     657
 21499	  23016     816
 11994	  10054     602
 10272	    7075       709
 5103	    22545      421
 8285	    6962       665
 22649	    9710       671
 4310	    14653      767
 18985	    15356      666
 14588	    28894      778
 23301	    22482      731
 7572	    17288      435
 15311	    14352      427
 23923	    8405       301
 264	    3787       503
 8234	    29672      318
 5976	    4226       300
 746	    19835      641
 13394	    28668      177
 18192	    7200       817
 3156	    374        489
 4952	    18932      185
 3186	    22169      571
 1620	    24214      318
 18463	    17489      383
 716	    20387      551
 5334	    29333      77
 18413	    6109       840
 16355	    10964      390
 23652	    9245       531
 7733	    5205       93
 8746	    27928      370
 8445	    25494      915
 14217	    399        520
 22558	    24477      619
 8234	    14364      317
 6909	    15770      154
 7743	    8643       517
 13986	    12545      264
 5334	    10814      877
 23923	    27539      299
 16967	    19270      532
 17349	    14101      413
 11657	    2319       445
 23100	    15142      562
 5504	    17476      360
 21384	    14189      83
 15381	    3574       425
 
